NCPU;CLK;SIM;TOTAL;SIZE;DBT;TLM;#base_perf;ocean
1;7.64258e+07;264506993425;7.27029;205994278;1.1421;6.12819
2;4.25135e+07;149124780996;8.67999;245993032;1.64378;7.03622
4;3.29289e+07;117310991691;14.2407;371989675;2.62835;11.6124
8;4.48402e+07;158285366870;28.5464;629982585;7.16571;21.3807
12;2.06133e+08;721210627896;140.911;2632926330;46.5558;94.3549
NCPU;CLK;SIM;TOTAL;SIZE;DBT;TLM;#trace_cache_perf;ocean
1;7.64292e+07;264477560229;46.5053;4360869794;20.7686;25.7368
2;4.25852e+07;149336515052;53.4442;4793855544;23.7673;29.6769
4;3.29547e+07;117331765103;79.9154;6818796449;34.878;45.0374
8;4.49926e+07;158539223197;194.749;15912535658;92.8495;101.899
12;2.058e+08;719884671667;1182.44;100463128549;583.777;598.667
