NCPU;CLK;SIM;TOTAL;SIZE;DBT;TLM;#BASE_PERF
1;1.7319e+08;588552285086;39.4316;0;4.06651;35.3651
2;8.87282e+07;302215266138;40.4351;0;4.44599;35.9891
4;5.21407e+07;176992768058;47.8362;0;5.80686;42.0293
12;4.29384e+07;144435253207;58.6359;0;10.8104;47.8255
8;3.89103e+07;134233611166;51.4246;0;7.1672;44.2574
NCPU;CLK;SIM;TOTAL;SIZE;DBT;TLM;#TRACE_NO_CACHE
1;1.73962e+08;591121004725;101.843;5950813595;35.6209;66.2221
2;8.88932e+07;303178819386;109.094;6016806346;39.4043;69.6902
4;5.27151e+07;178554425809;128.091;6787780025;45.9642;82.1265
8;3.96272e+07;134303107869;156.66;8161733121;64.5453;92.1149
12;4.30064e+07;144505142349;203.114;10845645511;96.8427;106.271
NCPU;CLK;SIM;TOTAL;SIZE;DBT;TLM;#TRACE_CACHE
1;1.73962e+08;591121004725;134.474;11292665337;44.7309;89.7428
2;8.88932e+07;303178819386;139.61;11457659679;45.8235;93.7869
4;5.27151e+07;178554425809;164.292;13099610756;54.245;110.047
8;3.96272e+07;134303107869;213.288;16912506378;80.8918;132.396
12;4.30064e+07;144505142349;312.908;24187301377;127.662;185.246

